1.328293692333422982e+00
1.375673850382231889e+00
1.187110423716698726e+00
9.346504870066663084e-01
7.055141879193826959e-01
3.423826993460213908e-01
8.397052967200174800e-02
-1.559227567768884937e-01
-7.084519593722461706e-02
1.721468702947778762e-02
1.492154785137842499e-01
2.711689342701328886e-03
-1.383702205436453114e-01
-4.666129672865261258e-01
-9.025212226381460479e-01
-1.131307922177827496e+00
-1.070425890155651594e+00
-5.068319351914882809e-01
9.555495435254846015e-02
5.363739899639130559e-01
5.437899850482104114e-01
3.130935802070453633e-01
-1.881030290000340055e-01
-6.969977771625451846e-01
-8.850160895984025000e-01
-6.134797601709099935e-01
-6.990897145243502031e-02
5.603095916717724112e-01
9.209818921668990743e-01
9.404395115443912045e-01
4.472868130075077775e-01
-3.402254245225634910e-01
-9.225461869047044683e-01
-1.225132596573929256e+00
-1.118661865275942358e+00
-4.885635662349578912e-01
1.335010021629195465e-01
5.101945432214660681e-01
4.979208578062763735e-01
6.798676936795589043e-02
-6.701898524761598086e-01
-1.324913601689184262e+00
-1.427349321213470912e+00
-1.262310802014718680e+00
-6.770004965036945377e-01
2.712223610023023479e-02
4.587077418678915386e-01
3.198339841843217402e-01
-1.484296003313998469e-01
-6.968154466482953113e-01
-1.202973465192226143e+00
-1.231019735821071936e+00
-9.261512219635021914e-01
-2.995315209852498217e-01
2.716863316680337426e-01
6.326680587637641962e-01
5.655269723300225815e-01
-6.237305509780977086e-02
-9.518413086926220679e-01
-1.463523138892595554e+00
-1.622664082080596870e+00
-1.268582414192477081e+00
-6.844170921298028398e-01
-1.295766347379850858e-01
4.554832575642930870e-03
-7.067691520060925825e-02
-5.732073103389019320e-01
-1.106205108249019409e+00
-1.525013195330759519e+00
-1.531217946519839002e+00
-1.054484588926702937e+00
-2.318082352469865437e-01
5.102883203536755508e-01
8.275246288195464706e-01
7.026523743703102509e-01
1.014830806554009590e-01
-4.802820794787805436e-01
-7.817355040853914971e-01
-6.843566190671018790e-01
-2.279130742167361778e-01
5.254078702681095336e-01
9.633789896490091431e-01
1.128686164961721250e+00
6.870067955866457909e-01
1.199386617585818660e-01
-4.154492188897872529e-01
-8.311077605165663185e-01
-4.233075311546948827e-01
2.393514334171154001e-01
9.819995542482726769e-01
1.511616241571848596e+00
1.437766968027688996e+00
8.699582896109004926e-01
5.416270559235142334e-02
-6.111970631828510525e-01
-8.936683340289186539e-01
-5.819122682660259338e-01
3.352750480390817578e-02
6.343672176987785738e-01
9.280412447197101677e-01
6.887758946243653924e-01
3.241728084326025994e-02
-5.786431996616984152e-01
-9.429263455892828993e-01
-8.227180345400848527e-01
-3.391573542907659888e-01
2.032715861696933191e-01
5.356172612244852749e-01
7.500696941783774330e-01
5.928411185195827660e-01
-4.933773265338355085e-02
-7.153416062089762439e-01
-1.067564460351634326e+00
-8.272233737772940465e-01
-1.729668516236766429e-01
6.116171512688898249e-01
1.020713622681362898e+00
1.005168501418848281e+00
4.991938946532184507e-01
-2.043375741837337722e-01
-8.968170963005679397e-01
-9.414572526346902670e-01
-4.956444488530736825e-01
3.968763614833889508e-01
1.019669095936269310e+00
1.181157054047599742e+00
8.701813790574128848e-01
1.047891412474839523e-01
-5.658460884602634078e-01
-9.988198432929024095e-01
-8.402788038756878741e-01
-3.203183584275113294e-01
3.767558135557514953e-01
8.344648482154511937e-01
8.630874820405621817e-01
5.206424922319875526e-01
-1.717401419648091343e-01
-7.463737305409919864e-01
-9.610724955357390353e-01
-5.707326422622720496e-01
2.627341298553680371e-01
9.205489633560111074e-01
1.255121025822475200e+00
1.036982560875850945e+00
5.060672933369414483e-01
-1.016660720598399070e-01
-2.906292679613464713e-01
-2.906707762128295514e-01
5.139212481454242809e-01
1.447777893299595720e+00
2.015736134763259635e+00
2.009324318726145808e+00
1.263307726315178847e+00
4.276596364480480528e-01
-6.648718196974368055e-02
-1.566499451980806201e-01
4.419957579452835628e-01
1.148918799762787657e+00
1.695408140318408252e+00
1.775267067386513631e+00
1.277466254451268046e+00
3.645214147797366522e-01
-3.481248829126995514e-01
-4.898534667463476655e-01
-3.867729966435345390e-01
2.451130970495644101e-01
1.179871971007729226e+00
1.509648899530332322e+00
1.281883340184807540e+00
7.283082339800770466e-01
-1.772899497660129775e-03
-4.702467281643860075e-01
-3.276921489401270482e-01
1.853891723391382085e-01
8.704559584912627823e-01
1.323719926893302645e+00
1.368789173213891930e+00
8.047102085131658811e-01
-8.537080471849153862e-02
-4.310387118781669469e-01
-4.911308735839518547e-01
-1.037286031855769175e-01
5.952711038143143618e-01
1.201327178429645759e+00
1.408664934339606267e+00
1.164468172415582981e+00
4.467358291504927581e-01
-4.003931723589840841e-01
-6.334986202507740805e-01
-4.740085092675939138e-01
3.425124658393741139e-01
1.137434605104430174e+00
1.287222101598517021e+00
1.031280060313789493e+00
3.454071856161324838e-01
-1.501751428415855072e-01
-4.209075862108387911e-01
-8.027268764176842542e-02
6.297284762884184373e-01
1.394206403962408469e+00
1.827506595819226698e+00
1.769659677112760843e+00
1.250911248471275661e+00
5.938264324344471046e-01
1.125784773137410433e-01
1.811086116295395065e-01
7.592372203616670756e-01
1.244490043400680479e+00
1.683001080496854929e+00
1.812946547720845070e+00
1.437990984578504827e+00
5.502599421206935126e-01
8.846412820869009597e-02
-3.237117334929306978e-02
3.881750519910142083e-01
8.365293223604037820e-01
1.220643533980877438e+00
1.378926569158666737e+00
1.126981577544207802e+00
6.469472061892185266e-01
2.812065651391444376e-01
2.581337249615848206e-01
4.654053259885833072e-01
1.013112892090555661e+00
1.702654578211538094e+00
1.933343990887102848e+00
1.667289461043807819e+00
1.234650715150918066e+00
1.160345989063861438e+00
1.183907197948289802e+00
1.357035994410289659e+00
1.814911219615422455e+00
2.032134901606983846e+00
1.820819190464106230e+00
1.395948631815812302e+00
8.443843386754125158e-01
6.628672155891377482e-01
4.944258282745941924e-01
6.945698092670257173e-01
1.009831575747897503e+00
1.063197552231865739e+00
1.134570086207009831e+00
9.126779159082973880e-01
5.719424637789310983e-01
6.086169735884668919e-01
4.783026808916878148e-01
5.306564138677455356e-01
8.039773552347411201e-01
1.012993058059942442e+00
1.034430016847123879e+00
1.008043693986788503e+00
9.636008962207935902e-01
1.050125989050564534e+00
1.123760020955566263e+00
1.139767636040206478e+00
1.113532029486260955e+00
